    93932636    27819024    69631940
     4706727    11327902    26721507
     4928565     5052653    11749255
     4711430     4447922    11713327
     4716898     4474511    12089955
     4725690     4423483    12148580
     4683522     4407161    12212329
     4717210     4455385    12001852
     4695880     4354980    12040750
     4639665     4389771    12335985
     4713661     4420952    12420283
     4625087     4356200    11823826
     4615398     4396194    11910160
     4648505     4422204    12111959
     4708556     4422688    12543885
     4716717     4440261    11779854
     4640597     4396757    12457635
     4645423     4348264    11950223
     4706647     4400774    12188234
     4627600     4402979    12055890
     4629342     4360029    11843714
     4672211     4407502    12043114
     4697902     4605836    12132990
     4685554     4398533    12057902
     4739489     4426281    12037684
     4709235     4449394    11813466
     4700683     4436755    12524552
     4628643     4353509    11863394
     4632201     4345395    11941428
     4756918     4358162    11973468
     4650201     4429263    11792353
     4706988     4413464    12051698
     4629662     4410569    12243189
     4700713     4437440    12290272
     4684366     4424006    11858146
     5446198     4441569    12406009
     4735210     4368701    11928066
     4755066     4346877    12104839
     4627498     4422225    12121634
     4627994     4361123    12006550
     4628510     4411410    12147405
     4712014     4445214    12059925
     4673835     4387455    12334451
     4684858     4353183    12240333
     4719666     4352392    12238737
     4708298     4432799    11985987
     4637996     4348954    12513139
     4635493     4367195    12106124
     4644984     4399413    11996448
     4711641     4450226    12082337
     4673702     4422210    12473996
     4685241     4405451    12241829
     4691996     4345503    12673665
     4702004     4431787    11872394
     4637029     4345734    12508393
     4622055     4342810    12400135
     4635485     4401889    12222864
     4768051     4433335    11935326
     4658773     4389914    12732694
     4674676     4352366    11892367
     4709008     4389253    12061796
     4700378     4444593    12492627
     4625332     4402780    12730922
     4649725     4384281    12525762
     4657932     4400540    12052858
     4695298     4429930    12069836
     4630030     4412886    11966691
     4692149     4358360    11821077
     4729516     4382179    11667610
     4658041     4428712    11786815
     4622919     4347363    12114142
     4624232     4352562    11982085
     4737606     4387769    11837753
     4627795     4427060    12012071
     4640527     4363004    12266697
     4633688     4400876    12203630
     7638451     4419358    12188848
     4685835     4431915    11905372
     4645037     4350721    12297954
     4637242     4385186    15089264
     4722794     5745959    11811132
     4693281     4468209    11948592
     4628094     4408777    12010502
     4665328     4352176    12196613
     4719090     4372364    11974372
     4670588     4434936    13146089
     4627069     4347052    12327250
     4631720     4347182    12082974
     4741227     4353040    11951338
     4635786     4431406    12061755
     4622496     4408253    11910320
     4654681     4404683    11853735
     4722292     4469025    11956083
     4674166     4412625    11800090
     4685930     4344639    12584130
     4701708     4354629    11829186
     4715459     4445345    11893121
     4624440     4363459    11639352
     4626791     4354987    12237903
     4721138     4346693    12039648
     4669114     4421127    12105207
     4640011     4405256    11982406
     4629071     4410405    12281939
     4708493     4420315    12006104
     4688032     4420363    11995192
     4674727     4379413    12279657
     4622173     4353108    11655340
     4711974     4421403    12164970
     4621041     4396138    12344892
     4635075     4391312    11813875
     4657774     4406733    11804510
     4733152     4449780    11802867
     4655631     4377351    12630445
     4693460     4355917    12236181
     4705582     4399594    12107349
     4690162     4430105    11764510
     4632130     4349726    12042618
     4626774     4353008    11877373
     4734946     4359405    11993371
     4638041     4428965    12150259
     4631101     4357295    12938633
     6827558     4365751    11931100
     4827584     4410976    12514442
     4693074     4455324    11830368
     4638029     4344263    14957896
     5142552     4384306    12299820
     4674266     4420333    12011796
     4703389     4430741    12020370
     4666107     4359377    12203773
     4683612     4369811    11996596
     4745129     4377739    11993914
     4663980     4438194    12552553
     4630629     4361868    11990151
     4644045     4350798    12552390
     4726749     4363148    12018204
     4637170     4457467    12155115
     4630514     4401798    11747629
     4625280     4402205    12083973
     4714777     4425187    11800835
     4677719     4421485    12135700
     4699833     4354649    12103388
     4617086     4357583    12049173
     4710994     4437429    11782861
     4624924     4381455    12065454
     4622369     4398804    12291727
     4756003     4398486    12207005
     4700395     4443155    11954733
     4620098     4419330    12028701
     4664103     4350287    12689799
     4748655     4368623    12185098
     4662469     4447738    12442574
     4627387     4349756    12054366
     4626387     4345353    12250518
     4733918     4356308    12463529
     4651237     4440331    11953934
     4640848     4403157    12125485
     4629600     4442049    12144616
     4725728     4431826    11996243
     4688378     4429047    12204667
     4763528     4432250    11789068
     4770589     4426316    12001096
     4717849     4426104    12448665
     4629993     4400540    12168373
     4656295     4359610    12031565
     4729994     4410648    12210789
     4696747     4458251    11713149
     4673462     4385376    12345214
     4710020     4350016    12103816
     4739330     4367962    12382440
     4691510     4455324    14637123
     4717837     4450562    12209739
     4723570     4420699    12231979
     4688007     4397336    11959810
     4683933     4453960    11795503
     4663339     4398671    12100815
     4676478     4351111    12205607
     4712119     4357397    12247311
     4693134     4448825    12048761
     4632486     4381743    12361608
     4621879     4351907    11955475
     4725014     4357157    12194326
     4675230     4429934    11818878
     4640623     4405507    12545041
     4688480     4438123    11971416
     4719496     4478560    12041024
     4711919     4426223    12165078
     4666420     4352038    12371974
     4634381     4352424    12187316
     4721974     4400476    11841222
     4626122     4424976    12420399
     4682542     4364469    12493319
     4639422     4400525    11877378
     4709117     4459296    11995586
     4663221     4400357    11942202
     4699217     4358137    11844579
     4706343     4407944    12001319
     4723144     4442050    12074900
     4653055     4354494    12207336
     4614325     4344673    11950802
     4699307     4360229    12113623
     4673166     4442075    11842922
     4630832     4406326    12284543
     4636345     4409636    11806575
     4725426     4449317    12085502
     4674549     4427903    12357458
     4633598     4347293    12225173
     4631457     4347405    12015023
     4708704     4420706    11866438
     4620822     4399678    12660621
     4648976     4360274    12120402
     4641845     4401227    12100867
     4734365     4442235    12225349
     4745166     4453004    12034561
     4700135     4441162    11997096
     4700323     4410733    11964678
     5215657     4442959    12496547
     4741849     4398325    12182174
     4704715     4411959    11871830
     4730196     4419771    12565046
     4716081     4427782    12427201
     4720017     4425061    12515692
     4721432     4440288    12098156
     4685895     4406163    12170011
     4730423     4422174    12087016
     4721848     4435954    12329936
     4698110     4450142    11968221
     4723322     4442796    11978028
     4741363     4428532    12018731
     4717101     4412685    12502552
     4742441     4446244    11678385
     4733691     4454440    12686690
     4736760     4437434    11887202
     4715441     4439762    12013700
     4734122     4429669    11699176
     4706790     4442417    12867298
     4700746     4442999    12177000
     4732225     4384156    12409594
     4645741     4411385    12200144
     4718980     4410400    12349238
     4721523     4431624    12568404
     4623511     4415547    12290960
     4655581     4367103    11962894
     4726780     4376368    12243948
     4631699     4423532    12178596
     4687150     4420658    12021567
     4678065     4423172    11760907
     4715314     4459041    11728390
     4683219     4389195    12034946
     4686503     4367240    12220205
     4738905     4344729    11968018
     4682800     4446186    11804816
     4628016     4358107    12232012
     4652116     4352168    11914316
     4717320     4355160    12063447
     4689039     4429461    11745672
     4648367     4393632    12034081
     4648806     4416371    11987147
     4713911     4487485    12327543
     4700430     4406050    12004466
     4846373     4435124    11905705
     4726249     6727878    11900425
     4726201     4435469    12355444
     4743335     4447637    12349774
     4693112     4391232    12276959
     4630570     4418140    12424964
     4716967     4456211    12163339
     4733259     4443691    11905244
     4739401     4427397    12134776
     4727727     4439311    11932471
     4734280     4451739    12008177
     4723312     4427750    12529937
     4696032     4357771    11808299
     4714888     4449754    12466826
     4717408     4439661    12383550
     4706947     4442578    12102691
     4730726     4405717    12059433
     4703109     4450852    12615027
     4718444     4425287    11887479
     4712275     4414069    11868490
     4706085     4436059    11982544
     4727739     4453546    11926662
     4699124     4356884    11869738
     4723753     4405742    11773114
     4715622     4447362    12196123
     4702019     4447700    12660147
     4708834     4429355    12181520
     4728000     4443079    12238266
     4708401     4428129    12146187
     4720849     4428699    12694244
     4705026     4417557    12507271
     4709195     4421848    11917591
     4720764     4433608    11799393
     4706223     4421448    12193506
     4726777     4433497    12200270
     4720215     4445314    12362628
     4755413     4422205    12544087
     4717017     4463593    12475584
     4751536     4447126    12159054
     4746790     4422277    12001336
     4724367     4428519    12202662
     4715212     4444135    12295388
     4710039     4452957    11945540
     4747913     4420541    12155476
     4741017     4450381    11794939
     4712180     4449529    12224487
     4837103     4446519    12085299
     4734206     4453631    12074931
     4709077     4416098    11955665
     4732297     4425888    11906047
     4637470     4459108    12187696
     4736202     4431919    12408429
     4749065     4433896    12281702
     4722728     4439254    12411251
     4645939     4434966    12507486
     4707551     4408771    12116991
     4710636     4433859    12019796
     4668848     4446264    12280547
     4752926     4443370    12183677
     4711814     4423904    11978848
     4703452     4460647    11984488
     4698578     4448416    11934359
     4737154     4441461    12043537
     4717438     5247357    12106657
     5216921     4967077    12018395
     4680660     4424768    12268525
     4724507     4430080    12111138
     4707464     4436129    11908142
     4719173     4462786    12054679
     4702988     4417311    12289329
     4781647     4425876    12007457
     4706143     4431360    11878084
     4725249     4435259    12491212
     4660888     4414477    11745572
     4647917     4360121    12217108
     4640855     4433736    11733178
     4744510     4427339    11768544
     4659803     4375689    11878738
     4678824     4344719    12085609
     4775207     4373251    11990867
     4654727     4441860    16168278
     4656258     4496488    12219560
     4640554     4411981    12402881
     4654288     4375979    12344111
     4785834     4447131    12129430
     4702435     4427859    12168982
     4618224     4351379    11709668
     4677573     4370394    11779391
     4724066     4435635    12238960
     4644894     4401791    12237366
     4637557     4372565    13182941
     4782075     4442586    11918444
     4718311     4479527    12185050
     4739909     4523269    12233014
     4683945     4340537    11884397
     4751919     4369287    12369668
     4713077     4437679    12114906
     4685249     4424710    12328563
     4715446     4361728    11949101
     4826678     4455560    12132153
     4687358     4424445    12318916
     4712467     4439494    12569900
     4704785     4394467    12446270
     4710626     4452922    12388270
     4724264     4428453    12515173
     4704740     4404169    12214369
     4752170     4454210    12167340
     4902097     4431433    12332327
     4716441     4437885    12523948
     4683484     4414548    12145163
     4723859     4519217    11850507
     4791088     4439965    12342442
     5932746     4426910    12090699
     4705742     4406286    12325100
     4714620     4405875    12168568
     5113359     4507994    12021078
     4718945     4469139    12050653
     4696304     4443994    13036686
     4777427     4435249    12392263
     4739291     4447933    11983661
     4715580     4446252    12153083
     4714557     4398854    12134864
     4721773     4452098    12069481
     4730411     4441097    12044662
     4707972     4422212    12168217
     4689553     4403520    11993697
     4719738     4457116    12209636
     4718098     4451132    12202517
     4725477     4430716    12134733
     4716502     4431032    12597911
     4752142     4449148    12082854
     4725006     4443839    11923019
     4712512     4435841    11981970
     4704257     4423212    12920489
     4741561     4469662    12109790
     4717950     7405130    12790960
     4720165     4434821    12387923
     4736574     4552327    12460462
     4734072     4423946    12155624
     4764009     4426875    12521390
     4716980     4438472    11977149
     4690238     4439968    12192482
     4730962     4415249    12172580
     4708829     4447256    12073257
     4704587     4434631    12103432
     4671427     4426307    12037313
     4641780     4393532    12078110
     4736146     4429326    12465318
     4748261     4544515    12219172
     4726266     4425487    12107981
     4725880     4436552    12145817
     4724279     4429173    12155874
     4681307     4439368    12385627
     4738163     4427777    12634323
     4743082     4433913    12027298
     4712848     4455826    11886662
     4714031     4406815    11835588
     4719782     4365403    12261433
     4780938     4423034    12521380
     4706662     4438597    12019104
     4626721     4527638    11996268
     5014387     4453731    11993368
     4794148     4372660    11821426
     4667122     4436124    12088719
     4652218     4360011    11994654
     4644997     4366182    13617362
     4731425     4370818    12070388
     4653343     4446390    12346689
     4632183     4596106    11942415
     4667736     4382595    11921299
     4703177     4465868    12308242
     4764520     4490695    12245863
     4686523     4371299    12224883
     4677363     4352753    12337592
     4729410     4405667    12482878
     4795500     4422996    12016282
     4629193     4419201    12036947
     4641555     4401282    11969823
     4712946     4445582    12550298
     4799808     4423513    12364397
     6265372     4512938    12082308
     4803842     4440955    12185136
     4696346     4422709    12105878
     4705827     4357721    12153371
     4628352     4352123    12222575
     4725207     4428521    12183369
     4723525     4451111    11742011
     4711247     4414039    12824928
     4786132     4382710    12403187
     4734986     4444958    12354171
     4699781     4453195    12131717
     4704269     4388433    12200136
     4707797     4468850    12575338
     4723976     4413840    12300955
     4775506     4475470    12459973
     4782677     4536458    12666516
     7339910     4380207    12279960
     4700831     4438870    11853454
     4741593     4434668    12312126
     4723470     4444863    12239286
     4707093     4363023    12063275
     4731247     4444746    12185779
     4728446     4428837    12272386
     4704389     4476673    12067501
     4713895     4374764    12446839
     4707148     4460780    12151412
     4706975     4436033    12134143
     4714374     4421523    11874707
     4715141     4580831    12112043
     4742977     4452488    12121043
     4692352     4453593    12188861
     4703026     4453476    12308628
     4693289     4389217    11886489
     4747126     4448860    12020610
     4675313     4443716    12359308
     4702550     4437544    12185268
     4724797     4418726    11998793
     4728394     4445199    11978971
     4678947     4429178    12399518
     4734585     4433325    12128049
     4711184     4454072    11955933
     4740067     4432839    12105393
     4716374     4424492    12125736
     4681159     4410561    11959953
     4744864     4432645    12050991
     5488887     4424767    11857112
     4744668     4460351    11740149
     4716294     4410335    12143924
     4709839     4431673    12046571
     4699100     4442419    12187759
     4676206     4421453    12334764
     5227738     4434517    11896900
     4729684     4423167    14732633
     4675085     4389355    12274802
     4828478     4432390    11951295
     4738877     4431719    11950398
     4649956     4406602    12584953
     4646924     4428437    12105781
     4684833     4389257    12503254
     4689147     4387666    12327911
     4730220     4459342    12654137
     4670296     4378483    12067341
     4768098     4911423    12090571
     4714341     4421576    12121191
     4743839     4899915    12139858
     4715309     4430453    12189734
     4693171     4883801    12090250
     4703276     4424874    12276149
     4714687     4510337    12471271
     4777926     4444508    12612063
     4733087     4446467    12284475
     4813747     4425835    12758590
     4720423     4444508    11963368
     4716978     4460910    12497145
     4700581     4400520    13027346
     4756918     4451376    12950280
     4838315     4461160    11846718
     4679684     4876687    11918316
     4857712     4467638    11852566
     4735088     4887016    12071676
     4770203     4449012    12288114
     4733756     4911812    12914460
     4783158     4417116    12266337
     5175818     4452316    12324000
     4721962     4515676    12366524
     5161550     4444959    12463288
     4724038     4488648    12849917
     4797422     4443212    12143679
     4719291     4453678    12618490
     4723059     6372775    12408442
     4716135     4451216    14260038
     4638257     4397558    12139855
     4741419     4472632    12220325
     4682640     4410406    12230611
     4809715     4436399    12094440
     4694998     4744788    12114120
     4893520     4452678    12161908
     4757103     4439739    12059837
     4805376     4430368    12089161
     4751373     4465219    12562118
     4846952     4464751    11890461
     4750558     4460163    12432666
     4745412     4437019    11928532
     4663346     4430048    12456425
     4697594     4445826    11935489
     4703146     4511016    12252758
     4706775     4446660    12181690
     4707862     4378994    12559990
     4741195     4436422    11995538
     4721224     4435700    12686188
     4735895     4452503    12238999
     4628229     4479807    11909826
     4716567     4462957    12163128
     4713841     4521389    12055657
     4671306     4443720    12233663
     4675188     4467976    12422271
     4720361     4413587    12316117
     4774501     4444172    33024214
     4742528    10572245    12484531
     4742232     4464525    12196040
     4740391     4428537    12177847
     4760276     4435858    12383673
     4818087     4437918    12104518
     4727729     4549063    11933764
     4734237     4572215    12012063
     4708692     4500883    12069243
     4686416     4442513    12252380
     4690568     4403823    12595691
     4750414     4351609    12001023
     4766410     4459890    12884929
     4734054     4354085    12037064
     4694759     4423829    12213599
     4773569     4449066    13633548
     4722676     4460146    12220506
     4703264     4447965    12339770
     4743796     4461914    12196158
     4771131     4437767    12213696
     4721390     4452098    12504567
     4690084     4389372    12902549
     4753090     4420142    12391641
     4705720     4447381    11775570
     4730260     4436297    12076833
     4636590     4422240    12155223
     4735783     4438338    12201841
     4719290     4482963    12180287
     4713137     4481003    12165709
     4720195     4429102    12448460
     4725216     4443328    11871572
     4801620     4436257    12571223
     4770239     4427820    12374916
     4742225     4483608    12417828
     4706326     4431453    12318051
     4781289     4444447    11777990
     4725434     4431170    12027207
     4640658     4438041    12335967
     4743383     4440376    12236898
     4728431     4437705    12248103
     4672021     4451120    12503622
     4731045     4410232    12115097
     4636911     4413335    12503572
     4709693     4429619    12038295
     4729226     4418892    12352121
     4718739     4448226    12165080
     4725900     4425465    12222442
     4734485     4439629    12312083
     4621532     4461877    11781693
     4719428     4452584    12129206
     4718884     4485466    11828310
     4704941     4454398    12556149
     4691969     4491324    12271809
     4717619     4455861    12144807
     4729895     4474992    11961514
     4704943     4440717    12598668
     4683050     4427334    12271907
     4726772     4400451    11972458
     4802045     4434900    12343564
     4703424     4438802    11828209
     4678951     4444274    12881073
     4728028     4436049    12281123
     5228217     4422185    11992439
     4734598     4438397    12096577
     4645791     4430591    12333971
     4765738     4411263    11888396
     4727772     4439532    12046694
     4720508     4427306    11885920
     4714523     4430686    12518098
     4758835     4433282    12395933
     4718152     4437241    11838530
     4684592     4433943    12489688
     4681758     4349590    11817878
     4719396     4452483    12127768
     4734224     4477460    12049548
     4646593     4409643    12066135
     4629569     4365982    12112203
     4699941     4406895    12183497
     4727381     4459928    11730372
     4626723     4481696    12065692
     4733382     4467164    11937569
     4714274     4511109    11933901
     4739027     4461388    12126192
     4778147     4450359    12227218
     4737777     4455986    12064482
     4771260     4466422    12334384
     4788768     4430533    12332970
     4824368     4446587    11756612
     4741310     4892679    12426209
     4725123     4435793    12490535
     4713159     4447457    12047672
     4688599     4488129    11971198
     4721087     4427992    12350623
     4706336     4460422    11857991
     4682532     4388110    12297209
     4758730     4363872    12348378
     4720984     4442000    12188648
     4693564     4486781    12085494
     4729822     4364775    12101343
     4703645     4400267    12511467
     4683356     4430275    12408737
     4719501     4465438    12081057
     4781076     4449564    12458362
     4739085     4468926    12339889
     4730261     4419221    11919172
     4732634     4462213    12806080
     4735778     4498282    12457212
     4738928     4458653    12031713
     4755635     4445527    11879458
     4707679     4443097    11893342
     4687288     4354173    11996427
     4724675     4400613    12053162
     4790787     4563555    12164459
     4722493     4442122    12286683
     5294960     4449083    11918732
     4730509     4561772    12211084
     4726316     4436951    12325990
     4681968     4430541    12259562
     4719018     4441148    12159177
     4742420     4533257    13309295
     4697245     4464428    12225432
     4717537     4420095    12982169
     4724657     4449672    12019613
     4722635     4447076    12537582
     4712054     4558360    12829405
     4726579     4570190    11887321
     4710578     4443072    11975227
     4749476     4535308    12370466
     4737166     4453483    12052322
     4790707     4438779    11968545
     4756422     4441756    11834626
     4772982     4438815    11867044
     4751335     4439429    12167849
     4757011     4447923    12023952
     4722803     4507526    11982607
     6239749     4463781    12166030
     4723845     4428126    12146004
     4715710     4490535    12060245
     4714247     4434786    12244999
     4752077     4432170    12296228
     4756354     4425989    11967808
     4733571     4435322    12047427
     4717289     4926598    12313105
     4695664     4398027    12052447
     4689603     4426193    12522530
     4628650     4374793    12644103
     4689229     4369876    12088497
     4737968     4366772    12021342
     4691111     4537714    12996131
     4642767     4412893    12118329
     4627257     4834696    13951376
     4740120     4452017    12116404
     4696519     4441688    12114249
     4638327     4385191    12168618
     4727171     4351713    12421679
     4725434     4425425    12477155
     4648983     4425573    11958314
     4688686     4637162    12114470
     4705460     4430862    11757176
     4719265     4492392    12151702
     4660533     4523735    12171106
     4672952     4353068    11945723
     4722207     4356155    12273067
     4705562     4451075    12665474
     4654318     4362680    12170884
     4625959     4360643    12230738
     4727263     4351238    11835205
     4644884     4431508    11792117
     4762633     4397987    13082745
     4658876     4397731    11929002
     4703604     4438372    12238176
     4772418     4447851    12070343
     4702736     4426873    11832606
     4734357     4490311    12253540
     4708963     4500329    12055697
     4715369     4474095    12583673
     4712242     4450228    12234326
     4808092     4446430    12186611
     4729210     4463010    12243540
     4751060     4456474    12708868
     4727887     4524918    12792465
     4727003     4438910    11813413
     4721538     4441237    12109211
     4716073     4425537    12133376
     4726659     4384085    12024012
     4723663     4443240    12275117
     4648146     4432788    12249900
     4711107     4437594    11828873
     4714164     4416238    12224726
     4762168     4442766    12678446
     4751055     4452426    11979619
     4712412     4429241    12198325
     4734197     4437120    12427475
     4713224     4434212    12453624
     4750647     4463911    12337366
     4717088     4465813    13279593
     4720478     4484869    12203319
     4712505     4437186    12717302
     4716211     4470599    12236725
     4702558     4456841    12099784
     4772944     4444590    12304063
     4759030     4428812    12262390
     4751505     4452185    12050220
     4699022     4407181    12185709
     4726512     4437487    12199842
     4723733     4456612    12198937
     4718358     4484854    12994700
     4722117     4428865    12081282
     4710303     4429285    11875622
     4737055     4451143    12318678
     4689139     4429326    11977623
     4727757     4433069    12234031
     4763686     4434966    12312957
     4708701     4452238    12406284
     4719877     4428012    12232929
     4708130     4429862    12039675
     4708854     4447998    12317541
     4772188     4527112    12476425
     4725660     4455392    12460369
     4724347     4465102    12158089
     4752689     4443889    12471640
     4769785     4432709    11926735
     4703810     4427805    12401634
     4804609     4416406    12042527
     4745921     4438995    13109220
     4765989     4442778    11982799
     4779828     4431393    12596884
     4711518     4416632    11812626
     4705925     4445365    12624514
     4728862     4434731    12275591
     4706216     4422322    12065314
     4701868     4409180    12507280
     4735645     4424485    11844336
     4703299     4460323    11755818
     4619958     4345799    12111206
     4637891     4358167    12189075
     4735429     4397925    12674955
     4663113     4423610    12096655
     4632957     4409047    12209902
     4641426     4418200    12166060
     4766696     4464197    12715547
     4777312     4476981    12409735
     4637648     4412082    11847766
     4693597     4381740    11614422
     4717228     4496313    11823807
     4628267     4372740    11776627
     4639986     4412726    11932553
     4713074     4417975    12539086
     4731578     4443508    11934021
     4645017     4447685    12227246
     4694710     4421062    11964421
     4731739     4422447    12135017
     4777006     4425008    12218368
     4663552     4361089    12019443
     4797199     4346365    12428406
     4721703     4412044    12228772
     4616295     4407687    11974616
     4632411     4345626    12245916
     4721400     4431448    12473128
     4716276     4441090    11954510
     4710145     4448961    12036829
     4712320     4431370    12128334
     4715221     4452220    12709684
     4685935     4470862    11928849
     4712297     4447855    11875171
     4711542     4410218    12154185
     4738977     4415081    12365609
     4694930     4442367    12122974
     4672119     4440293    12086266
     4716389     4449244    12823737
     4952579     4459724    12843049
     4723430     4523644    12218792
     4649108     4445202    12264348
     4771142     4424012    12078657
     4744801     4439894    12044649
     4814646     4470757    12057805
     4725176     4455089    12059546
     4743012     4442373    12103982
     4712869     4445593    11901468
     4733422     4432934    11975262
     4681114     4418190    12020267
     4707830     4435588    11723329
     4719262     4446409    12105352
     4710007     4453506    12649342
     4695243     4362029    11925041
     4718574     4442370    12510107
     4711799     4453503    12261601
     4704201     4429737    12224974
     4713327     4430015    11969612
     4714973     4436342    12033808
     4741846     4459983    12538516
     4689378     4432761    12588705
     4732705     4496072    12192028
     4711618     4446023    12101573
     4721583     4509044    12435020
     4699107     4423926    12059082
     4729461     4500039    12200545
     4740098     4373932    12292537
     4747584     4462772    12361360
     4753931     4422946    12266680
     4791714     4429399    12200486
     4714229     4459233    12316959
     4670620     4432566    12537200
     4718870     4430283    12016045
     4708238     4422250    11987552
     4700610     4443866    12304408
     4702956     4450346    11882344
     4703863     4389871    12060289
     4719756     4443553    12049996
     4711511     4432318    12618610
     4724708     4445495    12345859
     4709706     4435623    12344779
     4738837     4441980    12318638
     4706717     4461509    12462717
     4781579     4459773    13010203
     4725663     4522229    11978352
     4711285     4455598    12294360
     4714181     4501549    12582489
     4727572     4421285    12486223
     4765688     4415639    11878786
     4751014     4536977    12028911
     4781449     4472090    12493664
     4713365     4382885    12032066
     4775535     4355957    12819583
     4721040     4380886    12309058
     4698293     4423473    11957011
     4653266     4339835    12020107
     4621366     4352707    11966820
     4739737     4373757    12284888
     4682359     4437367    12000522
     4650049     4408481    12485436
     4726649     4441997    12029373
     4712973     4485170    11933676
     4692350     4431405    12015423
     4622226     4347099    12908467
     4664288     4346506    11883324
     4710544     4403545    12157770
     4688435     4440491    12263788
     4628184     4355145    12108331
     4632095     4380575    11875775
     4702646     4444019    12352570
     4636135     4418681    11890009
     4679125     4426148    12344261
     4718168     4364165    12293158
     4689182     4491033    12098263
     4690210     4386860    12205000
     4712054     4460464    12370911
     4735081     4369495    12160984
     4709019     4439393    11864566
     4644396     4398213    12190119
     4770752     4426076    12088512
     4774195     4432931    12018057
     4733405     4420666    11958828
     4737609     4400812    11975190
     4728429     4421308    12613787
     4710942     4464713    12077627
     4773992     4419128    12155804
     4726249     4428800    11891494
     4719161     4438228    12137746
     4704552     4412180    12221343
     5624895     4391122    12515003
     4740528     4462383    12524727
     4736045     4474854    12029049
     4729105     4449998    11950641
     4745281     4394757    12802525
     4734705     4487249    12480602
     4725895     4485716    11979858
     4738301     4476715    11811789
     4698047     4429005    12227632
     4709441     4571270    12463188
     4750882     4432169    11845252
     4734014     4454405    11890360
     4738482     4431027    11941984
     4765974     4427477    12375905
     4776478     4443523    12015922
     4729634     4424780    12283153
     4756625     4453270    12252416
     5274978     4468798    12782567
     4729544     5388455    13119508
     4711202     4447941    12111248
     4713374     4447231    13670883
     4713204     4447690    12151203
     4729772     4427254    13849716
     4712305     4491559    12302940
     4709398     4490577    11996636
     4718584     4450712    11875652
     4715727     5471227    12196586
     5356971     4455094    11980459
     4718263     4412816    12032114
     4765270     4450220    12325035
     4801046     4432553    12104818
     4934228     4439506    12363294
     4789417     4415672    12265237
     4712961     4450672    11922299
     4706454     4435557    11830630
     4722758     4425723    12652043
     4721861     4435765    12093708
     4723044     4444247    12091594
     4721972     4441544    11985330
     4672136     4436820    12196556
     4933476     4425156    12172354
     4719461     4486939    12099754
     4704562     4369883    11995691
     4720107     4424528    12182375
     4735296     4442741    13180887
     4727834     4479154    12411849
     4836514     4447224    12428995
     4711117     4481451    12119018
     4695041     4416762    12162956
     4747590     4976311    12222658
     4727541     4400538    12534903
     4804732     4452739    12215151
     4754365     4441045    11956212
     4808398     4349575    12110567
     4735685     4567973    12031347
     4726885     4416054    12108479
     4650875     4359705    11914424
     4726103     4464566    11806587
     4678613     4432751    12059052
     4632629     4533635    12143989
     4678851     4509770    12284293
     4731005     4435933    12225494
     4675740     4493381    11962792
     4639121     4376697    12063460
     4645493     4403843    12108742
     4724462     4354573    12360205
     4632762     4430891    12742409
     4628563     4383171    12078624
     4661808     4458462    11748102
     4781118     4440999    12206403
     4657716     4416151    12676133
     4687175     4362271    12441950
     4834153     4372735    12379123
     4685183     4467256    11860831
     4628870     4481055    12205945
     4648184     4360315    11827899
     4731649     4404974    11922300
     4655418     4544136    12253763
     4687982     4558982    11732690
     4665694     4431644    11845361
     4694724     4460727    11989419
     4727968     4428722    12301374
     4737224     4438489    11965713
     4706281     4443939    12228554
     4755150     4422543    11991249
     4724487     4408724    11879859
     4692182     4429469    12305821
     4707824     4446064    11825613
     4712898     4433049    12130602
     4709180     4429950    12310480
     5948639     4392691    12270487
     4806475     4444931    11996876
     4763235     4446567    12304531
     4719080     4400142    11982264
     4696780     4466217    12002183
     4734126     4434890    12041041
     4715314     4484829    12317347
     4690438     4448394    12057779
     4718699     4407847    12346240
     4724966     4448680    11840757
     4712858     4446189    12027217
     4716707     4440483    12287191
     4712069     4436073    12117322
     4712733     4465357    12483066
     4682049     4448457    12161567
     4681322     4407757    12802244
     4798164     4449742    12356755
     4981495     4429416    12438901
     4740335     4429947    11970825
     4737987     4443789    12304270
     4722500     4460095    12265846
     4733337     4433849    11874707
     4693968     4443192    12467127
     4723999     4360330    12217899
     4714094     4463781    12183501
     4868528     4464931    12180272
     4709784     4440817    12283473
     4702808     4400895    12241353
     4759632     4456893    12276926
     4695416     4427363    12447049
     4715998     4418790    11976954
     4696694     4411949    11951724
     4724500     4444698    12661292
     4683840     4427777    12863718
     4720099     4452653    12036072
     4718299     4427159    11803876
     4713818     4470991    12117013
     4696423     4460203    12190931
     4730456     4446241    12121914
     4766573     4410240    12314053
     4750750     4447171    12275933
     4755823     4426795    12325711
     4739938     4443471    11823922
     4722605     4433593    11968194
     4750518     4430851    12228988
     4703490     4431658    11947795
     4741634     4434435    12279331
     4745485     4442613    12140699
     4709657     4490106    12166721
     4723886     4389342    11891227
     4708979     4416251    12230425
     4725685     4438023    12150517
     4710200     4427517    12224379
     4662758     4414134    11917970
     4680821     4358327    11701372
     4696381     4439767    11721094
     4680608     4433525    12093942
     4630625     4360893    11992002
     4721014     4369294    11790964
     4714735     4446332    12064796
     4630486     4373146    12329806
     4732491     4452911    12105109
     4725833     4473915    13102798
     4701610     4483408    11701154
     4697027     4414056    11965590
     4681524     4371542    11798921
     4746597     4366824    11544456
     4702918     4447835    11997288
     4629940     4376210    12640851
     4633526     4377040    11844463
     4811394     4483551    12213477
     4679951     4397216    12045379
     4701229     4452060    12184489
     4670016     4410763    11672391
     4672510     4422237    11979074
     4672234     4436740    12129262
     4703720     4422258    11990500
     4731471     4426481    11906457
     4761115     4532158    11963308
     4772122     4451451    12172487
     4662153     4346227    12266262
     4768735     4434317    11858976
     4719005     4388288    11799301
     4633854     4390375    11798537
     4735743     4436605    13152551
     4727038     4439416    12627690
     4713161     4453581    12101133
     4698381     4434322    12318400
     4706379     4444117    12149164
     4715506     4465916    12059642
     4692788     4475877    12222901
     4739857     4419761    12640701
     4722756     4442125    11942930
     4699793     4441975    12468728
     4741074     4450269    12243074
     4720395     4488424    12146139
     4700771     4482338    12025471
     4778720     4444621    12463303
     4710814     4425028    12062936
     4735134     4452383    11944044
     4727281     4418441    12130521
     4718859     4438249    12431169
     4732054     4444420    12172923
     4755951     4445264    12598627
     4731168     4462592    11890227
     4717496     4437193    12087860
     5146120     4456525    12527038
     4746815     4401716    12127557
     4736825     4463568    12318655
     4737840     4427078    11957086
     4725913     4432798    12409992
     4968808     4438672    12216556
     4696654     4457409    12491067
     4719776     4496157    11776873
     4693888     4418070    12498480
     4723991     4442276    12269694
     4893723     4434207    12293088
     4721187     4434928    11951042
     4719122     4368838    12358283
     4705487     4610429    12931983
     4708333     4802399    12146498
     4682542     4464610    12506134
     4861358     4683457    11766965
     4765285     4466923    12184446
     4819652     4442483    12122679
     4742300     4434245    11897043
     4761722     4354722    12585372
     4771208     4440674    12247084
     4708446     4426377    12153416
     4709849     4441701    12136601
     4699368     4406819    11875158
     4722520     4444598    11994385
     4722212     4433079    12247622
     4702439     4429559    12997812
     4698338     4408155    12067100
     4723935     4449085    12485857
     4704071     4483063    12112561
     4729078     4442568    11889077
     4698220     4442270    12719709
     4705878     4446708    12095861
     4732238     4445656    12443611
     4742433     4439892    12088516
     4738073     4456068    12541822
     4725600     4370770    11974478
     4624974     4448003    12493565
     4670478     4403577    12242022
     4666233     4416812    12175088
     4713555     4454069    12168395
     4692716     4395601    11990116
     4719310     4354045    12031921
     4792361     4405740    12441105
     5020581     4453543    12052122
     4649978     4416108    11760142
     4624896     4343108    12092074
     4736166     4363572    11799487
     4664116     4423295    11876524
     4620466     4421576    11960672
     4652953     4407506    12006208
     4707902     4462628    12030497
     4684950     4425292    12312915
     4695739     4345574    12122581
     4715081     4359698    12055246
     4707797     4428997    12011735
     4634881     4379325    11729067
     4716028     4356468    12588950
     4728283     4343692    12020941
     4656824     4421080    11907058
     4636671     4413211    12044369
     4657929     4407689    11810080
     4674847     4355145    12092115
     4676756     4418083    12034118
     4712094     4391848    11927424
     4724766     4434966    11999039
     4716468     4445195    11928376
     4712267     4406198    12017343
     4709433     4369653    11876900
     4738316     4458432    12366213
     4672709     4445688    12165288
     4685428     4463306    11903612
     4734783     4465195    12267632
     4731380     4479299    11807414
     4727880     4454350    12039833
     4736740     4660838    12716422
     4733690     4430378    12154376
     4763924     4452213    11910480
     4669442     4438991    11839029
     4743716     4420023    11969110
     4748129     4419278    12054757
     4742228     4454280    12220209
     4689736     4432421    11940836
     4715439     4424480    12186365
     4708433     4430854    12324511
     4734038     4451942    11899608
     4703357     4445640    11876538
     4727704     4443310    12424217
     4753328     4411102    11846468
     4705054     4438216    11985598
     4728461     4461336    12146994
     4693427     4459170    12234382
     4708304     4443458    12134493
     4732828     4427825    12206762
     4727494     4438133    12100050
     4719599     4463774    12492851
     4744894     4441263    11967738
     4713960     4439685    12008718
     4712728     4424177    12158610
     4710957     4470076    11977548
     4704673     4460422    12089160
     4640660     4452383    12051099
     4711798     4460186    11921438
     4698646     4467184    12112799
     4711000     4447639    12535462
     4664985     4437903    12162579
     4732703     4405474    11846629
     4737106     4450308    12528481
     4684384     4424500    12024509
     4753824     4443473    11959723
     4734435     4445966    12288287
     4712974     4438281    12099749
     4687536     4433573    12124080
     4704988     4418654    12216644
     4744913     4433031    11910758
     4712773     4458830    12344441
     4702490     4406692    12183835
     4747173     4434146    11926253
     4731500     4434936    12390864
     4701320     4447259    12189422
     4695935     4427935    12013924
     4735818     4444332    12128906
     4763020     4426660    12327598
     4724071     4448694    12234291
     4704246     4405510    11864083
     4744978     4453139    11848074
     4710498     4434641    11793458
     4719754     4447309    12154180
     4621183     4438925    13090522
     4658563     4362058    12509458
     4706211     4432659    11855158
     4694877     4431290    12100280
     4651930     4359909    11926442
     4723873     4388699    11887892
     4725660     4456202    12053832
     4737131     4438271    11913640
     4626230     4404891    12019896
     4697200     4445457    12414388
     4735314     4426036    12158705
     4738669     4512426    11893713
     4722069     4473917    14488749
     4949577     4452859    30445249
    11972395     4456126    35737149
     4765488     4443650    35545555
     4757334     9562191    25593300
    13998217    10492299    11720397
     4714693     4747910    12738976
     4719840     4426256    12243142
     5062433     4445104    11982717
     4728492     4513479    11920423
     4644729     4418955    12043925
     4735347     4445861    12410562
     4702440     4445314    11805417
     4717834     4413485    12342868
     4801111     4424690    12471289
     4694895     4366496    12013837
     4655654     4371583    12406244
     4675571     4386564    11994228
     5011525     4671076    12650157
     4732833     4579017    12005200
     4911436     4448697    12397881
     4892503     4378335    11868513
     5014314     4384586    12568377
     4649860     4467550    12231954
     4764323     4378992    12149198
     4700510     4379403    12045824
     4775407     4422350    11985308
     4664855     5466451    12680586
     4746334     4572789    12347358
     4984429     4502700    13487943
     4811905     4470363    12055564
     4681828     4422460    12312236
     5008538     4438101    12287277
     4866369     4444523    13752403
     4850623     4800955    12737605
     6983552     4619064    12500369
     5034124     4555129    12433641
     4899724     4482442    14038644
     7650596     6068403    13121845
     4830898     4681439    12736978
     5330718     4483646    12328305
     5187204     4474242    12113555
     4767264     4480505    14279805
     4740423     5325131    12628866
     5512621     4798963    15773047
     4815474     4470722    12566911
     4829195     4410571    12114575
     4737910     4415935    12411115
     4714730     4429729    12034772
     4700646     4431192    12703843
     4715577     4440303    12307360
     4701583     4440922    12106106
     4711300     4435424    12363008
     4702510     4428339    12043274
     4725918     4493098    12347877
     4713310     4453035    12540781
     4766668     4440820    12331783
     4726001     4451939    12055156
     4720754     4462491    12822750
     4705872     4546529    12082034
     4715620     4454060    12530280
     4746326     4533948    12051558
     4736276     4426026    12004253
     4724267     4531607    11994195
     4774648     4414465    12125520
     4760963     4522978    12305093
     4729263     4437687    11844273
     4749210     4429468    12068175
     4703660     4501873    12203437
     4792361     4417023    12350508
     4726682     4431456    12098965
     4725437     4456758    11872554
     4668002     4363178    12279364
     4712620     4450321    11970908
     4689956     4429679    12252871
     4644102     4354033    12245435
     4696113     4372202    12595548
     4705885     4437505    12009711
     4624638     4404520    11969291
     4742362     4439020    12024958
     4713718     4442643    12270013
     4693910     4466808    12060077
     4649763     4516107    12291889
     4730538     4447003    12035110
     4732030     4429960    12681754
     4719654     4449529    11821774
     4733710     4472821    12511352
     4716657     4446974    11761150
     4738306     4460840    12902406
     4726838     4464704    11945284
     4715605     4493774    12028696
     4706461     4435184    11998748
     4729561     4466305    12154394
     4740250     4440751    12028044
     4738434     4530032    12086932
     4736587     4447253    12014253
     4778116     4479577    12311176
     4647418     4368616    12011800
     4680305     4362246    12190345
     4743901     4367170    12104715
     4707240     4437764    12025208
     4681843     4409543    11903731
     4678486     4402385    11583049
     4696128     4440428    11904843
     4755387     4444145    11921172
     4704113     4440839    12137904
     4771173     4354334    11963017
     4714595     4453154    12165551
     4673156     4380167    12487825
     4660773     4356198    12124530
     4725530     4415968    12638693
     4713136     4430684    12138846
     4627771     4407994    11994187
     4670450     4350464    11972002
     4717930     4416762    12105761
     4770607     4405620    12650725
     4735858     4454275    12358438
     4720167     4395243    11841710
     4731090     4403187    12299760
     4635006     4407940    12112441
     4652606     4355226    12219789
     4694033     4421523    12022261
     4756871     4439945    11886912
     4627021     4407537    12680037
     4675073     4425349    12199205
     4738769     4464601    12065301
     4673181     4465467    12306754
     4639650     4390638    12444292
     4698616     4386977    12233375
     4717717     4483739    12670463
     4666275     4425628    11993335
     4628113     4447221    11987540
     4658991     4411427    11795467
     4647390     4441366    11868277
     4725369     4412831    12511823
     4716824     4362064    11936715
     4725597     4350950    11931315
     4692432     4438396    11951829
     4636293     4349250    12107189
     4675952     4348031    12239611
     4692449     4513581    11981684
     4676945     4428524    12327856
     4629918     4359024    12165891
     4687764     4394502    11835827
     4707456     4464343    12212588
     4674028     4399717    12931391
     4680836     4349066    11954512
     4720786     4354574    11653451
     4678669     4453665    12002196
     4641827     4360274    13113946
     4654310     4349437    12772730
     4707539     4430100    12173404
     4661700     4432938    11908150
     4632418     4405390    11918699
     4639494     4403457    12479525
     4729791     4453027    11998946
     4687273     4424515    12394477
     4745337     4356946    12241549
     4681385     4368530    12145864
     4708811     4464178    12228038
     4640249     4414209    12382189
     4670008     4401037    11893199
     4720335     4396752    12114110
     4677055     4477363    12544489
     4668967     4456077    11967193
     4676083     4354622    12153552
     4721272     4512682    12160833
     4683028     4426068    12027862
     4644879     4404445    12482765
     4725948     4350923    11943169
     5014965     4478184    11974114
     4744139     4414688    12110421
     4726337     4372477    12062337
     4666593     4411069    11903114
     4741130     4436412    12235351
     4655626     4375714    12358058
     4719947     4345255    11763547
     4681844     4357386    12405673
     4683662     4437449    12073182
     4623494     4348159    12962560
     4700536     4418449    12382704
     4722982     4345230    12010933
     4749574     4429887    11969542
     4630710     4354571    12163674
     4658766     4398425    11760163
     4696626     4444520    12258248
     4658180     4398536    12419095
     4682514     4350497    11993000
     5302875     4345676    11966171
     4670793     4447865    12084044
     4629299     4349469    12520565
     4629171     4354993    12154694
     4804331     4358064    11758795
     4628069     4436031    12286232
     4627312     4408902    12262752
     4650385     4411648    12054983
     4705424     4687247    11943856
     4673033     4396844    12092673
     4680428     4363665    11877822
     4798474     4369744    11803189
     4674830     4484196    12175346
     4638668     4363664    11891064
     4858498     4362870    12152030
     4758908     4460306    11760984
     4619745     4437176    11649070
     4634365     4366153    12749599
     4641590     4410936    11546653
     4706541     4458023    12203780
     4678899     4435712    11881487
     4695474     4387727    12063365
     4757525     4361953    11726265
     4656807     4465340    11960581
     4647054     4353033    12103017
     4680961     4425046    12175323
     4744850     4400170    11821468
     4647458     4438083    11904843
     4773920     4438988    12477924
     4723334     4406702    11953307
     4712776     4453621    11847686
     4693066     4403788    12134911
     4682690     4355486    12431979
     4740499     4353559    11728941
     4690149     4431193    12271344
     4679931     4357834    12004449
     4642890     4359743    12264240
     4721651     4428852    11920791
     4641923     4451386    12341189
     4627264     4369538    12224482
     4676256     4365020    12114049
     4703978     4434585    12200390
     4638458     4407660    12020156
     4698486     4423525    12318265
     4708809     4388817    12074658
     4690402     4439098    12218839
     4625599     4350857    12419615
     4644386     4357163    11979630
     4754565     4388707    12096562
     4633962     4415808    12437405
     4636615     4365481    11906659
     4626425     4377768    11865152
     4697684     4448778    12016646
     4631464     4401663    11964470
     4679849     4415953    12187651
     4728590     4370735    12330695
     4669753     4446706    11996716
     4621664     4356882    12010955
     4769148     4388486    12194917
     4733202     4438214    11891597
     4617345     4415362    11942140
     4638267     4429288    11840299
